00110100000010010000000000000100
00110100000010100000000000000110
00110100000010110000000000001010
00110100000011000000000000000110
10101100000011000000000000000000
00000001001010100110000000100001
00010001100010110000000000000111
00000001001010100100100000100001
00111100000010010000000000000001
10001100000010100000000000000000
00000001001010100100100000100001
00110100000010110000000000100000
10101101011010010000000000000000
00001000000000000000110000010011
10101100000010110000000000000000
00110100000011000000000001111011
00110100000010110000000000011100
10101101011011000000000000000000
00000001100010110110000000100001
00110100000011010000011111100111
10101100000011010000000000100100
